0 5.65361 5.65063 0.0066167
1 0.705678 0.695868 5.65622
2 0.702081 5.64972 0.710147
3 0.00742267 0.700091 0.701051
4 5.64919 5.65172 1.39896
5 0.714342 0.710163 1.40693
6 0.704274 5.65388 2.11156
7 0.000944044 0.705943 2.11404
8 0.000108512 5.64653 2.82254
9 0.705246 0.708417 2.81368
10 0.708982 5.65311 3.52552
11 0.00387031 0.697245 3.53267
12 0.00359064 0.00838544 4.24373
13 0.707324 0.716386 4.23076
14 0.705931 5.65657 4.94734
15 0.00601442 0.709573 4.94716
16 0.00191728 1.41743 0.000998363
17 0.702319 2.11769 0.00346623
18 0.708957 1.40717 0.705526
19 0.0135919 2.11852 0.710774
20 0.00502269 1.42206 1.40506
21 0.718933 2.13097 1.40895
22 0.710386 1.41671 2.11416
23 5.64924 2.1106 2.12329
24 0.000313685 1.40556 2.83334
25 0.69237 2.12647 2.84082
26 0.720062 1.40717 3.52742
27 5.65109 2.11347 3.53884
28 5.6542 1.41394 4.23633
29 0.701612 2.11008 4.24819
30 0.709651 1.40704 4.9474
31 0.00685417 2.12625 4.94632
32 5.65029 2.82548 2.84706e-05
33 0.700113 3.54428 0.0018704
34 0.706006 2.83501 0.701992
35 0.00873358 3.54416 0.712777
36 5.65618 2.83421 1.41402
37 0.703565 3.53632 1.43305
38 0.713762 2.83247 2.12061
39 5.65376 3.54356 2.12639
40 5.64497 2.83196 2.82679
41 0.708677 3.54443 2.83444
42 0.703938 2.82543 3.54041
43 0.00118804 3.54746 3.52708
44 5.64842 2.82533 4.23822
45 0.710556 3.52547 4.24708
46 0.70484 2.821 4.95935
47 0.0133605 3.53154 4.94652
48 5.64532 4.24917 0.00516209
49 0.699591 4.94575 0.00378522
50 0.713541 4.24216 0.720145
51 5.64704 4.95743 0.710825
52 0.00369304 4.2355 1.41609
53 0.70448 4.94746 1.42097
54 0.721157 4.23865 2.13536
55 0.0108632 4.93934 2.11604
56 5.64653 4.25157 2.82426
57 0.708335 4.9509 2.82094
58 0.698517 4.24864 3.53612
59 0.00499117 4.95933 3.53094
60 5.6525 4.25035 4.23602
61 0.712701 4.95784 4.23894
62 0.704141 4.24336 4.94971
63 5.6518 4.96136 4.94805
64 1.41505 5.65523 5.65626
65 2.12651 0.710478 5.64188
66 2.13353 0.00631813 0.700479
67 1.40788 0.708373 0.696335
68 1.41281 0.00149625 1.41213
69 2.11523 0.706427 1.4021
70 2.13119 5.65632 2.1161
71 1.4137 0.718276 2.11626
72 1.41765 0.00391389 2.81971
73 2.12946 0.712165 2.82272
74 2.11666 5.65312 3.53732
75 1.41801 0.702405 3.52941
76 1.4048 5.64969 4.23623
77 2.10275 0.713395 4.23344
78 2.10945 5.64685 4.94297
79 1.4088 0.699848 4.94138
80 1.40019 1.42256 5.65519
81 2.12691 2.1174 5.65189
82 2.1139 1.40476 0.710541
83 1.4134 2.12743 0.704319
84 1.41542 1.41532 1.40384
85 2.1216 2.13174 1.4105
86 2.12208 1.42089 2.12579
87 1.41895 2.11458 2.11614
88 1.42112 1.41586 2.82956
89 2.13275 2.12722 2.83572
90 2.12812 1.404 3.53721
91 1.41542 2.11172 3.54149
92 1.4112 1.43211 4.24727
93 2.12232 2.11772 4.24148
94 2.11727 1.40914 4.94435
95 1.41445 2.12641 4.94791
96 1.41612 2.82593 5.64242
97 2.12782 3.52698 0.00326732
98 2.11535 2.82952 0.70295
99 1.4105 3.53283 0.713752
100 1.4194 2.8276 1.40974
101 2.12297 3.53241 1.42848
102 2.13035 2.82745 2.12217
103 1.42575 3.52214 2.12542
104 1.41603 2.81793 2.83156
105 2.1199 3.52765 2.84005
106 2.12534 2.82512 3.55155
107 1.40919 3.52857 3.53126
108 1.40815 2.8214 4.24993
109 2.12425 3.5436 4.24299
110 2.1254 2.82479 4.94649
111 1.41508 3.52992 4.94614
112 1.41396 4.2422 5.65446
113 2.11861 4.94236 5.6555
114 2.11097 4.24543 0.707334
115 1.40799 4.95891 0.701285
116 1.41647 4.24044 1.42676
117 2.11046 4.95233 1.40657
118 2.13504 4.23524 2.11972
119 1.42256 4.95383 2.13153
120 1.42925 4.24273 2.81714
121 2.1279 4.94836 2.82156
122 2.12382 4.25094 3.5306
123 1.40999 4.94551 3.52788
124 1.40915 4.2401 4.23765
125 2.12306 4.94306 4.26063
126 2.11771 4.23855 4.95457
127 1.40391 4.94949 4.94465
128 2.83216 0.00821017 5.64936
129 3.53361 0.719713 0.00456101
130 3.5382 0.0022398 0.695704
131 2.81811 0.709539 0.700626
132 2.82995 0.0130363 1.41825
133 3.5204 0.700325 1.4075
134 3.54317 5.65131 2.12111
135 2.82074 0.697318 2.12029
136 2.83531 5.65276 2.84909
137 3.53739 0.707778 2.81668
138 3.53207 5.65127 3.54182
139 2.82619 0.699003 3.53029
140 2.81479 5.64866 4.24906
141 3.53096 0.715094 4.23496
142 3.5357 5.65129 4.9494
143 2.82711 0.700528 4.95131
144 2.82532 1.41968 0.00255869
145 3.53895 2.12382 5.65151
146 3.52669 1.42563 0.716152
147 2.83106 2.11911 0.709754
148 2.82236 1.40984 1.41987
149 3.52689 2.12477 1.40388
150 3.54041 1.41516 2.12496
151 2.83361 2.12336 2.11427
152 2.8362 1.41256 2.82995
153 3.54548 2.12339 2.82742
154 3.53327 1.42045 3.52935
155 2.81949 2.12259 3.54692
156 2.82252 1.41141 4.23895
157 3.52543 2.10927 4.24965
158 3.5375 1.41502 4.95652
159 2.83211 2.10726 4.94785
160 2.83145 2.81828 0.0020056
161 3.53428 3.53963 0.00711245
162 3.53106 2.83517 0.695176
163 2.82554 3.53564 0.712666
164 2.8313 2.83039 1.40513
165 3.54392 3.54276 1.41532
166 3.53524 2.83314 2.12174
167 2.83345 3.537 2.12099
168 2.8455 2.83427 2.84017
169 3.53976 3.53789 2.83261
170 3.55037 2.82338 3.54463
171 2.82765 3.52665 3.54443
172 2.82695 2.82708 4.25768
173 3.52068 3.53856 4.2516
174 3.53846 2.83768 4.95741
175 2.81874 3.53833 4.96642
176 2.82746 4.24482 0.0115246
177 3.53235 4.94412 0.00433507
178 3.53681 4.23817 0.70937
179 2.82627 4.9571 0.715907
180 2.81808 4.23459 1.41534
181 3.5323 4.95978 1.41677
182 3.54415 4.25459 2.12128
183 2.83003 4.94593 2.13416
184 2.83508 4.22792 2.8213
185 3.53602 4.9551 2.82964
186 3.54702 4.24322 3.52093
187 2.83767 4.942 3.54606
188 2.82895 4.23897 4.24741
189 3.5321 4.94612 4.24668
190 3.52515 4.24377 4.95677
191 2.83022 4.9507 4.96096
192 4.23971 5.65197 5.65613
193 4.94512 0.713435 5.65383
194 4.94267 0.000871002 0.699329
195 4.23651 0.713943 0.710222
196 4.25298 0.0120975 1.40717
197 4.95692 0.722038 1.41109
198 4.9591 0.00230289 2.1173
199 4.25492 0.705186 2.11846
200 4.24351 0.0100614 2.82629
201 4.94647 0.703002 2.83374
202 4.95482 5.65582 3.53645
203 4.24355 0.706192 3.53076
204 4.24213 5.65291 4.23328
205 4.95175 0.705769 4.23702
206 4.94729 0.00736702 4.94645
207 4.23932 0.705397 4.9416
208 4.2389 1.41247 0.00082662
209 4.94826 2.12233 0.00187357
210 4.95031 1.42213 0.699018
211 4.2421 2.12736 0.706873
212 4.23349 1.41482 1.41976
213 4.96457 2.12672 1.41408
214 4.95267 1.40816 2.12049
215 4.23723 2.12031 2.12494
216 4.2452 1.41346 2.82899
217 4.9429 2.12895 2.82333
218 4.95718 1.41504 3.5273
219 4.23703 2.11277 3.54487
220 4.2449 1.41252 4.2383
221 4.94236 2.12709 4.24632
222 4.94622 1.4121 4.94964
223 4.2489 2.12822 4.94484
224 4.23529 2.83792 0.00823019
225 4.9521 3.53084 0.0046968
226 4.95182 2.83001 0.700249
227 4.25242 3.53578 0.714458
228 4.2387 2.82487 1.41558
229 4.93915 3.53314 1.41569
230 4.94917 2.82379 2.12032
231 4.24847 3.53608 2.12638
232 4.25249 2.82748 2.83075
233 4.9445 3.541 2.82281
234 4.95016 2.83242 3.53154
235 4.2453 3.52944 3.54746
236 4.24391 2.83135 4.24634
237 4.95598 3.544 4.2441
238 4.94945 2.83683 4.94832
239 4.23926 3.52786 4.95929
240 4.23944 4.2322 0.00939211
241 4.94124 4.94377 5.64947
242 4.96147 4.24058 0.715834
243 4.23902 4.94596 0.713786
244 4.24712 4.24386 1.40917
245 4.9431 4.95488 1.42791
246 4.95258 4.2547 2.12687
247 4.24687 4.94318 2.12023
248 4.24212 4.23561 2.8318
249 4.936 4.95731 2.82955
250 4.95691 4.25167 3.52638
251 4.23886 4.95099 3.53875
252 4.23993 4.22558 4.24351
253 4.9514 4.95285 4.23911
254 4.95377 4.24656 4.94857
255 4.2366 4.94651 4.94878
